<?xml version="1.0" standalone="no"?>
<!DOCTYPE svg PUBLIC "-//W3C//DTD SVG 20010904//EN"
 "http://www.w3.org/TR/2001/REC-SVG-20010904/DTD/svg10.dtd">
<svg version="1.0" xmlns="http://www.w3.org/2000/svg"
 width="60.000000pt" height="27.000000pt" viewBox="0 0 60.000000 27.000000"
 preserveAspectRatio="xMidYMid meet">
<metadata>
Created by potrace 1.16, written by Peter Selinger 2001-2019
</metadata>
<g transform="translate(0.000000,27.000000) scale(0.019672,-0.022500)"
fill="#000000" stroke="none">
<path d="M1490 990 l0 -210 25 0 c25 0 25 0 25 94 l0 93 63 5 c86 7 123 28
138 78 10 32 9 47 -2 77 -21 54 -63 73 -166 73 l-83 0 0 -210z m187 138 c30
-28 29 -53 -2 -83 -20 -21 -34 -25 -80 -25 l-55 0 0 65 0 65 57 0 c44 0 62 -5
80 -22z"/>
<path d="M1854 1040 c-87 -56 -75 -208 19 -251 53 -23 81 -23 134 0 52 24 73
63 73 137 0 52 -3 59 -39 95 -36 37 -42 39 -97 39 -42 0 -68 -6 -90 -20z m140
-35 c32 -22 50 -67 42 -109 -15 -77 -111 -103 -168 -46 -28 28 -30 36 -25 78
9 79 87 119 151 77z"/>
<path d="M2125 1013 c69 -225 70 -228 96 -231 23 -3 27 4 58 98 18 56 34 100
36 98 2 -2 19 -46 38 -98 29 -82 37 -95 58 -98 23 -3 27 4 62 126 20 71 37
134 37 140 0 7 -9 12 -20 12 -18 0 -38 -48 -66 -163 -3 -15 -9 -29 -13 -31 -4
-3 -22 40 -41 95 -29 82 -38 99 -55 99 -17 0 -26 -17 -56 -107 l-35 -107 -31
104 c-28 96 -32 105 -56 108 l-26 3 14 -48z"/>
<path d="M2604 1041 c-66 -40 -81 -158 -28 -221 45 -53 143 -62 199 -18 14 11
25 26 25 34 0 25 -30 28 -55 4 -36 -34 -92 -30 -127 9 -49 55 -42 61 82 61
l110 0 0 30 c0 38 -23 84 -52 104 -32 22 -115 21 -154 -3z"/>
<path d="M2880 920 c0 -130 1 -140 19 -140 17 0 19 10 23 96 4 91 6 98 32 120
15 13 38 24 52 24 17 0 24 5 24 20 0 16 -7 20 -33 20 -18 0 -43 -7 -55 -16
-20 -14 -22 -14 -22 0 0 9 -9 16 -20 16 -19 0 -20 -7 -20 -140z"/>
<path d="M283 987 c-82 -82 -82 -94 1 -176 83 -83 98 -83 177 -5 85 84 86 92
3 175 -47 48 -76 69 -93 69 -17 0 -44 -20 -88 -63z"/>
<path d="M612 987 c-82 -83 -82 -95 8 -181 83 -80 88 -80 173 2 78 77 78 97
-6 180 -81 81 -94 81 -175 -1z"/>
<path d="M63 747 c-84 -85 -84 -101 0 -185 81 -81 94 -81 175 1 84 85 84 103
-2 185 -40 39 -73 62 -87 62 -14 0 -45 -23 -86 -63z"/>
<path d="M832 717 c-81 -81 -81 -94 1 -175 81 -81 94 -81 175 1 81 81 81 94
-1 175 -81 81 -94 81 -175 -1z"/>
<path d="M327 552 c-125 -126 -167 -173 -167 -192 0 -16 19 -43 57 -82 32 -32
62 -58 67 -58 5 0 56 45 111 100 80 78 108 100 130 100 22 0 50 -22 132 -102
l103 -102 56 54 c72 71 78 83 60 117 -8 16 -84 97 -168 181 -129 127 -159 152
-184 152 -25 0 -56 -27 -197 -168z"/>
<path d="M1610 691 c-147 -48 -231 -171 -232 -337 -1 -147 55 -258 161 -317
43 -25 69 -31 132 -35 164 -9 289 52 289 142 0 61 -63 73 -137 26 -89 -56
-214 -34 -268 48 -61 93 -51 217 24 285 68 62 163 74 220 28 14 -12 41 -29 59
-38 30 -16 36 -16 59 -3 69 39 44 126 -49 174 -47 23 -72 29 -145 32 -48 2
-99 0 -113 -5z"/>
<path d="M2223 665 c-59 -47 -137 -199 -209 -408 -44 -128 -53 -200 -29 -227
22 -24 77 -27 99 -5 9 9 21 35 27 58 35 129 76 244 121 337 56 116 54 116 103
20 24 -49 88 -218 99 -263 l6 -27 -89 0 c-85 0 -91 -1 -111 -27 -15 -19 -19
-35 -15 -53 13 -49 17 -50 191 -50 l164 0 12 25 c33 74 -127 497 -228 600 -52
54 -91 59 -141 20z"/>
<path d="M2550 683 c-25 -9 -40 -35 -40 -68 0 -52 24 -65 118 -65 l82 0 0
-253 c0 -233 1 -255 18 -270 23 -21 71 -22 98 -3 18 13 19 30 22 270 l3 256
78 0 c87 0 108 10 117 55 4 22 0 38 -14 55 l-20 25 -224 2 c-122 1 -230 -1
-238 -4z"/>
</g>
</svg>
